Visual Leak Detector Version 2.6.0 installed.
    Outputting the report to C:\work\campus\Graduation_Project\Graduation-Project\code\VOCPABE\VOCPABE\EDClient\memory_leak_report.txt
WARNING: Visual Leak Detector detected memory leaks!
---------- Block 101 at 0x00D07140: 350 bytes ----------
  Leak Hash: 0x6AC3D363, Count: 1, Total 350 bytes
  Call Stack (TID 13272):
  Data:
    31 37 39 36    30 38 32 32    33 36 34 33    31 36 30 32     17960822 36431602
    37 30 39 34    38 35 35 37    32 30 39 38    30 35 34 39     70948557 20980549
    32 33 33 36    31 31 38 32    39 33 39 35    38 31 34 30     23361182 93958140
    00 00 00 00    00 00 00 00    00 00 00 00    00 00 00 00     ........ ........
    00 00 00 00    00 00 00 00    00 00 00 00    00 00 00 00     ........ ........
    00 00 00 00    00 00 00 00    00 00 00 00    00 00 00 00     ........ ........
    00 00 00 00    00 00 00 00    00 00 00 00    00 00 00 00     ........ ........
    00 00 00 00    00 00 00 00    00 00 00 00    00 00 00 00     ........ ........
    00 00 00 00    00 00 00 00    00 00 00 00    00 00 00 00     ........ ........
    00 00 00 00    00 00 00 00    00 00 00 00    00 00 00 00     ........ ........
    00 00 00 00    00 00 00 00    00 00 00 00    00 00 00 00     ........ ........
    00 00 00 00    00 00 00 00    00 00 00 00    00 00 00 00     ........ ........
    00 00 00 00    00 00 00 00    00 00 00 00    00 00 00 00     ........ ........
    00 00 00 00    00 00 00 00    00 00 00 00    00 00 00 00     ........ ........
    00 00 00 00    00 00 00 00    00 00 00 00    00 00 00 00     ........ ........
    00 00 00 00    00 00 00 00    00 00 00 00    00 00 00 00     ........ ........


---------- Block 102 at 0x00D072D0: 350 bytes ----------
  Leak Hash: 0x683E5F11, Count: 1, Total 350 bytes
  Call Stack (TID 13272):
  Data:
    37 32 39 39    30 37 38 34    39 33 32 37    35 35 39 39     72990784 93275599
    33 38 34 34    32 33 34 37    30 35 38 37    36 32 35 38     38442347 05876258
    34 32 36 37    39 35 33 33    38 32 38 32    31 30 39 31     42679533 82821091
    00 00 00 00    00 00 00 00    00 00 00 00    00 00 00 00     ........ ........
    00 00 00 00    00 00 00 00    00 00 00 00    00 00 00 00     ........ ........
    00 00 00 00    00 00 00 00    00 00 00 00    00 00 00 00     ........ ........
    00 00 00 00    00 00 00 00    00 00 00 00    00 00 00 00     ........ ........
    00 00 00 00    00 00 00 00    00 00 00 00    00 00 00 00     ........ ........
    00 00 00 00    00 00 00 00    00 00 00 00    00 00 00 00     ........ ........
    00 00 00 00    00 00 00 00    00 00 00 00    00 00 00 00     ........ ........
    00 00 00 00    00 00 00 00    00 00 00 00    00 00 00 00     ........ ........
    00 00 00 00    00 00 00 00    00 00 00 00    00 00 00 00     ........ ........
    00 00 00 00    00 00 00 00    00 00 00 00    00 00 00 00     ........ ........
    00 00 00 00    00 00 00 00    00 00 00 00    00 00 00 00     ........ ........
    00 00 00 00    00 00 00 00    00 00 00 00    00 00 00 00     ........ ........
    00 00 00 00    00 00 00 00    00 00 00 00    00 00 00 00     ........ ........


---------- Block 103 at 0x00D07460: 350 bytes ----------
  Leak Hash: 0xA9083706, Count: 1, Total 350 bytes
  Call Stack (TID 13272):
  Data:
    33 39 30 32    36 39 32 31    33 39 32 38    33 39 36 37     39026921 39283967
    36 35 31 31    31 30 30 33    31 31 32 37    34 32 31 37     65111003 11274217
    37 37 34 39    36 33 36 32    34 38 34 38    39 31 35 38     77496362 48489158
    00 00 00 00    00 00 00 00    00 00 00 00    00 00 00 00     ........ ........
    00 00 00 00    00 00 00 00    00 00 00 00    00 00 00 00     ........ ........
    00 00 00 00    00 00 00 00    00 00 00 00    00 00 00 00     ........ ........
    00 00 00 00    00 00 00 00    00 00 00 00    00 00 00 00     ........ ........
    00 00 00 00    00 00 00 00    00 00 00 00    00 00 00 00     ........ ........
    00 00 00 00    00 00 00 00    00 00 00 00    00 00 00 00     ........ ........
    00 00 00 00    00 00 00 00    00 00 00 00    00 00 00 00     ........ ........
    00 00 00 00    00 00 00 00    00 00 00 00    00 00 00 00     ........ ........
    00 00 00 00    00 00 00 00    00 00 00 00    00 00 00 00     ........ ........
    00 00 00 00    00 00 00 00    00 00 00 00    00 00 00 00     ........ ........
    00 00 00 00    00 00 00 00    00 00 00 00    00 00 00 00     ........ ........
    00 00 00 00    00 00 00 00    00 00 00 00    00 00 00 00     ........ ........
    00 00 00 00    00 00 00 00    00 00 00 00    00 00 00 00     ........ ........


---------- Block 104 at 0x0658EDE0: 350 bytes ----------
  Leak Hash: 0xB8827EAD, Count: 1, Total 350 bytes
  Call Stack (TID 13272):
  Data:
    5B 38 30 37    34 36 34 32    35 37 37 34    31 31 33 38     [8074642 57741138
    30 32 32 33    35 38 37 37    37 31 37 39    31 39 35 30     02235877 71791950
    36 31 34 32    30 37 39 35    34 31 38 31    39 31 33 37     61420795 41819137
    36 39 32 31    36 33 37 35    35 33 33 32    32 33 34 32     69216375 53322342
    39 36 33 35    34 36 33 30    32 38 37 35    35 34 30 37     96354630 28755407
    32 30 30 36    36 30 37 35    39 32 36 39    33 39 35 30     20066075 92693950
    30 33 31 37    36 35 30 33    34 34 31 32    30 31 30 31     03176503 44120101
    38 39 36 39    30 37 34 31    39 32 31 38    33 32 38 30     89690741 92183280
    32 30 31 39    38 32 36 39    38 38 33 36    32 32 39 36     20198269 88362296
    37 35 31 35    37 37 31 35    38 31 30 2C    20 32 30 34     75157715 810,.204
    36 32 35 33    37 33 39 36    34 39 30 38    31 39 33 33     62537396 49081933
    39 36 39 34    34 35 37 37    32 35 39 38    37 34 38 34     96944577 25987484
    38 39 32 32    34 34 32 32    37 37 30 33    32 37 33 36     89224422 77032736
    36 37 32 36    35 34 31 34    39 37 34 39    30 35 34 39     67265414 97490549
    38 34 39 30    39 30 37 38    30 39 32 32    37 35 32 35     84909078 09227525
    36 35 30 35    32 31 36 36    34 32 39 37    35 38 38 30     65052166 42975880


---------- Block 105 at 0x0658EF70: 350 bytes ----------
  Leak Hash: 0xF0262C0B, Count: 1, Total 350 bytes
  Call Stack (TID 13272):
  Data:
    5B 35 33 33    39 37 30 35    37 33 36 31    35 39 35 31     [5339705 73615951
    39 35 36 39    37 36 36 32    32 34 35 37    38 34 32 36     95697662 24578426
    31 36 30 31    37 33 34 32    39 33 32 32    34 31 37 35     16017342 93224175
    35 37 34 39    35 35 38 32    31 39 39 30    37 36 33 36     57495582 19907636
    32 36 38 39    33 31 36 35    31 33 34 36    35 35 35 30     26893165 13465550
    39 31 32 37    35 30 32 38    32 32 36 35    33 36 39 31     91275028 22653691
    36 36 34 38    38 34 33 33    34 38 32 32    38 33 38 33     66488433 48228383
    36 31 34 35    39 31 31 38    35 34 37 34    32 32 35 30     61459118 54742250
    34 35 30 37    34 33 33 33    31 31 33 38    37 30 34 34     45074333 11387044
    33 39 31 31    32 31 32 34    30 30 37 2C    20 35 31 38     39112124 007,.518
    30 34 31 36    33 35 34 33    38 36 30 32    38 35 30 32     04163543 86028502
    37 30 38 32    32 34 35 32    36 33 30 30    32 36 31 39     70822452 63002619
    37 36 33 36    39 36 37 31    32 32 37 31    35 35 37 36     76369671 22715576
    33 39 32 36    35 33 35 33    30 32 35 33    38 30 33 37     39265353 02538037
    38 33 37 38    30 39 33 34    37 30 35 37    36 32 37 35     83780934 70576275
    32 36 37 32    32 38 31 36    33 37 36 38    39 32 37 35     26722816 37689275


---------- Block 106 at 0x0658F100: 350 bytes ----------
  Leak Hash: 0x396A03D5, Count: 1, Total 350 bytes
  Call Stack (TID 13272):
  Data:
    5B 38 37 33    35 32 36 34    36 37 33 33    33 36 34 33     [8735264 67333643
    39 34 37 31    38 32 35 38    33 30 30 31    38 32 39 31     94718258 30018291
    35 37 38 38    31 30 30 33    36 38 39 34    30 30 39 34     57881003 68940094
    38 36 37 35    35 31 39 31    38 30 33 38    37 30 30 35     86755191 80387005
    39 36 30 35    39 33 39 37    36 30 36 34    31 32 31 38     96059397 60641218
    33 38 39 35    30 33 36 39    31 33 39 35    36 38 32 35     38950369 13956825
    39 39 36 35    37 31 35 36    39 39 36 33    32 36 31 30     99657156 99632610
    36 33 39 31    39 31 33 34    33 39 30 35    34 30 36 35     63919134 39054065
    32 39 39 34    37 33 30 35    35 32 35 37    39 38 32 37     29947305 52579827
    31 38 36 39    31 37 34 36    36 33 38 2C    20 34 33 30     18691746 638,.430
    34 39 34 34    33 32 31 32    32 31 30 36    34 33 32 32     49443212 21064322
    39 33 37 31    39 33 38 31    37 33 33 35    34 35 37 36     93719381 73354576
    31 37 39 31    37 30 34 30    39 31 38 35    31 39 33 32     17917040 91851932
    30 38 37 30    35 33 39 31    31 34 31 34    32 33 32 38     08705391 14142328
    34 37 39 33    34 32 34 34    37 31 33 34    36 33 39 31     47934244 71346391
    34 33 31 32    32 32 31 37    35 33 34 38    39 33 37 35     43122217 53489375


---------- Block 107 at 0x0658F290: 350 bytes ----------
  Leak Hash: 0x516A450C, Count: 1, Total 350 bytes
  Call Stack (TID 13272):
  Data:
    5B 32 34 32    33 37 31 37    32 38 36 32    34 38 31 39     [2423717 28624819
    34 39 35 36    31 36 34 37    37 37 30 37    30 35 38 38     49561647 77070588
    36 33 31 39    32 32 36 39    33 39 30 38    32 38 35 31     63192269 39082851
    32 35 39 36    30 36 31 30    38 33 31 34    31 31 37 36     25960610 83141176
    33 32 38 32    30 31 30 31    36 35 32 30    32 35 32 34     32820101 65202524
    33 30 35 31    34 32 37 34    39 33 34 31    35 35 35 34     30514274 93415554
    30 34 39 36    35 35 33 30    32 30 33 32    37 33 34 39     04965530 20327349
    35 37 35 31    38 31 34 34    30 37 37 36    37 30 33 34     57518144 07767034
    38 32 33 38    32 39 31 37    33 31 35 35    31 33 36 39     82382917 31551369
    30 37 35 33    31 37 34 37    35 36 32 2C    20 34 36 32     07531747 562,.462
    31 35 31 36    31 39 35 30    34 39 38 35    35 38 32 37     15161950 49855827
    31 30 37 32    37 37 38 39    35 32 39 38    37 38 39 39     10727789 52987899
    35 32 31 30    30 33 39 31    37 37 32 35    37 34 33 37     52100391 77257437
    34 30 33 31    39 33 37 31    37 37 32 39    31 33 33 30     40319371 77291330
    39 39 34 34    38 32 32 31    32 34 31 31    32 37 39 38     99448221 24112798
    38 33 37 32    37 34 33 37    33 39 34 37    32 34 34 36     83727437 39472446


---------- Block 100 at 0x0659CEE0: 350 bytes ----------
  Leak Hash: 0x5AA085EC, Count: 1, Total 350 bytes
  Call Stack (TID 13272):
  Data:
    32 34 39 31    36 38 35 31    33 33 30 32    30 37 36 35     24916851 33020765
    36 34 37 35    32 32 35 37    35 35 31 34    37 30 38 33     64752257 55147083
    36 34 37 30    34 39 31 36    38 39 36 39    32 30 39 33     64704916 89692093
    00 00 00 00    00 00 00 00    00 00 00 00    00 00 00 00     ........ ........
    00 00 00 00    00 00 00 00    00 00 00 00    00 00 00 00     ........ ........
    00 00 00 00    00 00 00 00    00 00 00 00    00 00 00 00     ........ ........
    00 00 00 00    00 00 00 00    00 00 00 00    00 00 00 00     ........ ........
    00 00 00 00    00 00 00 00    00 00 00 00    00 00 00 00     ........ ........
    00 00 00 00    00 00 00 00    00 00 00 00    00 00 00 00     ........ ........
    00 00 00 00    00 00 00 00    00 00 00 00    00 00 00 00     ........ ........
    00 00 00 00    00 00 00 00    00 00 00 00    00 00 00 00     ........ ........
    00 00 00 00    00 00 00 00    00 00 00 00    00 00 00 00     ........ ........
    00 00 00 00    00 00 00 00    00 00 00 00    00 00 00 00     ........ ........
    00 00 00 00    00 00 00 00    00 00 00 00    00 00 00 00     ........ ........
    00 00 00 00    00 00 00 00    00 00 00 00    00 00 00 00     ........ ........
    00 00 00 00    00 00 00 00    00 00 00 00    00 00 00 00     ........ ........


Visual Leak Detector detected 8 memory leaks (3088 bytes).
Largest number used: 9739 bytes.
Total allocations: 9783 bytes.
Visual Leak Detector is now exiting.
